%YAML:1.0
---
K_mat: !!opencv-matrix
   rows: 3
   cols: 3
   dt: d
   data: [ 4.8239845375142022e+02, 0., 9.3699337368886950e+02, 0.,
       4.8292588824851617e+02, 6.0644645125990644e+02, 0., 0., 1. ]
D_mat: !!opencv-matrix
   rows: 4
   cols: 1
   dt: d
   data: [ 1.4704593394820648e-01, 1.1356226329904986e-01,
       -1.8317972758864512e-01, 7.5000886206892214e-02 ]
