%YAML:1.0
---
K_mat: !!opencv-matrix
   rows: 3
   cols: 3
   dt: d
   data: [ 4.7797940136244682e+02, 0., 9.3901889044523296e+02, 0.,
       4.7804194372595833e+02, 6.0891799301086576e+02, 0., 0., 1. ]
D_mat: !!opencv-matrix
   rows: 4
   cols: 1
   dt: d
   data: [ 1.7505804861883253e-01, 3.2915398954948508e-02,
       -1.0452475725550252e-01, 5.1123455286522138e-02 ]